RequirePlayerLevel	SkillID	SkillLevel	Desc	IsEnableAutoLearning	CostTrain
1	41117	1	无相楼基础属性	1	0
1	10820	1	傀儡调	1	0
1	10851	1	织心谣	1	0
1	10852	1	悬丝步	1	0
1	10853	1	百傀夜游	1	0
1	41987	1	刻木	1	0
1	10822	1	无相楼阵法	1	0
1	41984	1	无相楼阵法释放	1	0
1	605	1	骑术	1	0
1	41342	1	挑丝	1	0
1	10821	1	幽罗引	1	0
2	41444	1	缚影	1	0
3	41858	1	勾线	1	0
4	41986	1	寄线	1	0
5	41985	1	缠绞	1	0
8	81	1	神行千里	1	0
8	41447	1	夹线	1	0
8	41448	1	提线	1	0
10	41343	1	游丝枕月	1	0
10	42198	1	游丝枕月二段	1	0
10	9003	4	蹑云逐月	1	0
10	9002	11	扶摇直上	1	0
10	35	1	传功	1	0
10	10821	2	幽罗引	1	0
11	41437	1	连环慢	1	0
11	41438	1	连环慢	1	0
12	41439	1	千里急·壹	1	0
12	41440	1	千里急·贰	1	0
12	41441	1	千里急·叁	1	0
12	9005	1	凌霄揽胜	1	0
12	9006	1	瑶台枕鹤	1	0
12	9004	1	迎风回浪	1	0
12	41442	1	生地狱	1	0
13	41116	1	落笼簿	1	0
13	42050	1	落笼簿·收	1	0
14	41443	1	四边静	1	0
15	41449	1	千丝落絮	1	0
15	41450	1	千丝落絮	1	0
16	41451	1	障幕虚影·幕起	1	0
17	41344	1	替形幻生	1	0
18	41453	1	幻术	1	0
19	43075	1	归字谣	1	0
20	10821	3	幽罗引	1	0
30	10821	4	幽罗引	1	0
50	10821	5	幽罗引	1	0
