RequirePlayerLevel	SkillID	SkillLevel	Desc	IsEnableAutoLearning	CostTrain
1	100392	1	移动端_冰心诀_普攻	1	0
1	100393	1	移动端_冰心诀_技能	1	0
1	100083	1	移动端_云裳心经_普攻	1	0
1	100084	1	移动端_回雪飘摇	1	0
1	100085	1	移动端_云裳心经_子技能	1	0
1	100093	1	移动端_云裳心经_技能	1	0
1	100394	1	移动端_冰心诀_子技能	1	0
1	102216	1	移动端_红绡倩风	1	0
1	102217	1	移动端_红绡倩风_贰式	1	0
1	100095	1	移动端_上元点鬟	1	0
1	100101	1	移动端_王母挥袂	1	0
1	100097	1	移动端_天地低昂	1	0
1	100098	1	移动端_帝骖龙翔	1	0
1	100099	1	移动端_婆罗门	1	0
1	100364	1	移动端_感时曲终	1	0
1	100441	1	移动端_名动四方	1	0
1	100376	1	移动端_玳弦急曲	1	0
1	100378	1	移动端_江海凝光	1	0
1	100379	1	移动端_剑破虚空	1	0
1	100380	1	移动端_剑心通明	1	0
1	100460	1	移动端_左旋右转	1	0
1	100567	1	移动端_月出东山	1	0
1	100362	1	上元点鬟_二段	1	0
1	100365	1	移动端_名动四方_开启剑舞	1	0
1	100366	1	移动端_名动四方_添加剑舞	1	0
1	100438	1	移动端_繁音急节	1	0
1	100100	1	移动端_鹊踏枝_云裳	1	0
1	100439	1	移动端_鹊踏枝_冰心	1	0
1	100440	1	移动端_帝骖龙翔	1	0
1	100002	1	移动端_通用轻功	1	0
1	100005	1	移动端_通用轻功_聂云	1	0
1	101937	1	移动端_通用轻功_踏云	1	0
1	101957	1	移动端_蹑云逐月_战斗内	1	0
1	101980	1	泠风解怀	1	0
1	102743	1	移动端_月移花影	1	0
1	102742	1	移动端_剑转流云	1	0
1	100405	1	移动端_江海凝光_贰式	1	0
1	102268	1	移动端_江湖无界阵	1	0
1	101635	1	移动端_合璧知意_贰式	1	0
1	100445	1	移动端_心鼓弦	1	0
1	100463	1	移动端_心鼓弦_非战状态	1	0
1	102588	1	移动端_左旋右转_贰式	1	0
1	100409	1	移动端_云裳心经_心法	1	0
1	100410	1	移动端_冰心诀_心法	1	0
2	100381	1	移动端_剑影留痕	1	0
2	100443	1	移动端_剑气长江	1	0
3	100004	1	移动端_通用轻功_扶摇	1	0
4	101585	1	移动端_水榭花楹	1	0
10	100409	2	移动端_云裳心经_心法	1	0
10	100410	2	移动端_冰心诀_心法	1	0
20	100409	3	移动端_云裳心经_心法	1	0
20	100410	3	移动端_冰心诀_心法	1	0
30	100409	4	移动端_云裳心经_心法	1	0
30	100410	4	移动端_冰心诀_心法	1	0
50	100409	5	移动端_云裳心经_心法	1	0
50	100410	5	移动端_冰心诀_心法	1	0
