RequirePlayerLevel	SkillID	SkillLevel	Desc	IsEnableAutoLearning	CostTrain
1	101992	1	移动端_山海心诀_技能	1	0
1	101994	1	移动端_劲风簇	1	0
1	101995	1	移动端_劲风簇_贰式	1	0
1	101996	1	移动端_霖集簇	1	0
1	101997	1	移动端_霖集簇_贰式	1	0
1	101998	1	移动端_饮雨簇	1	0
1	102001	1	移动端_携行动物_野猪_贰式_虎	1	0
1	102002	1	移动端_携行动物_鹰	1	0
1	102003	1	移动端_携行动物_鹰_贰式_狼	1	0
1	102004	1	移动端_携行动物_熊	1	0
1	102005	1	移动端_携行动物_大象	1	0
1	102006	1	移动端_澄神醒梦	1	0
1	102008	1	移动端_应天授命	1	0
1	102009	1	移动端_游雾乘云	1	0
1	102166	1	移动端_归平野_贰式	1	0
1	102168	1	移动端_归平野_叁式	1	0
1	100002	1	移动端_通用轻功	1	0
1	100005	1	移动端_聂云	1	0
1	101937	1	移动端_通用轻功_踏云	1	0
1	102268	1	移动端_江湖无界阵	1	0
1	101740	1	移动端_山海心诀_心法	1	0
2	102000	1	移动端_携行动物_野猪	1	0
2	102007	1	移动端_朝仪万汇	1	0
3	100004	1	移动端_扶摇	1	0
4	102020	1	移动端_风尽浮生	1	0
10	101740	2	移动端_山海心诀_心法	1	0
20	101740	3	移动端_山海心诀_心法	1	0
30	101740	4	移动端_山海心诀_心法	1	0
50	101740	5	移动端_山海心诀_心法	1	0
50	102724	1	移动端_金乌见坠	1	0
