RequirePlayerLevel	SkillID	SkillLevel	Desc	IsEnableAutoLearning	CostTrain
1	100037	1	移动端_花间游_普攻	1	0
1	100038	1	移动端_快雪时晴	1	0
1	100039	1	移动端_阳明指	1	0
1	100040	1	移动端_花间游_技能	1	0
1	100041	1	移动端_兰摧玉折	1	0
1	100043	1	移动端_玉石俱焚	1	0
1	100044	1	移动端_星楼月影	1	0
1	100045	1	移动端_春泥护花	1	0
1	100049	1	移动端_南风吐月	1	0
1	102718	1	移动端_墨海临源	1	0
1	102722	1	移动端_碧水滔天	1	0
1	102753	1	移动端_少明指	1	0
1	101702	1	移动端_清风垂露	1	0
1	100109	1	移动端_离经易道_普攻	1	0
1	100110	1	移动端_握针	1	0
1	100111	1	移动端_清风垂露	1	0
1	100112	1	移动端_离经易道_技能	1	0
1	100113	1	移动端_提针	1	0
1	100114	1	移动端_长针	1	0
1	100115	1	移动端_星楼月影	1	0
1	100116	1	移动端_春泥护花	1	0
1	100117	1	移动端_厥阴指	1	0
1	100118	1	移动端_利针	1	0
1	100119	1	移动端_听风吹雪	1	0
1	100120	1	移动端_彼针	1	0
1	100002	1	移动端_通用轻功	1	0
1	100005	1	移动端_通用轻功_聂云	1	0
1	101937	1	移动端_通用轻功_踏云	1	0
1	101957	1	移动端_通用轻功_蹑云逐月_战斗内	1	0
1	102268	1	移动端_江湖无界阵	1	0
1	100575	1	移动端_离经易道_子技能	1	0
1	101971	1	移动端_锋针	1	0
1	102359	1	移动端_水月贰式	1	0
1	102363	1	移动端_锋针	1	0
1	100408	1	移动端_花间游_心法	1	0
1	100411	1	移动端_离经易道_心法	1	0
2	100047	1	移动端_厥阴指	1	0
2	100048	1	移动端_芙蓉并蒂	1	0
3	100004	1	移动端_通用轻功_扶摇	1	0
4	100046	1	移动端_太阴指	1	0
10	100408	2	移动端_花间游_心法	1	0
10	100411	2	移动端_离经易道_心法	1	0
20	100408	3	移动端_花间游_心法	1	0
20	100411	3	移动端_离经易道_心法	1	0
30	100408	4	移动端_花间游_心法	1	0
30	100411	4	移动端_离经易道_心法	1	0
50	100408	5	移动端_花间游_心法	1	0
50	100411	5	移动端_离经易道_心法	1	0
