RequirePlayerLevel	SkillID	SkillLevel	Desc	IsEnableAutoLearning	CostTrain
1	100652	1	移动端_笑尘诀_技能	1	0
1	100653	1	移动端_拨狗朝天	1	0
1	100660	1	移动端_亢龙有悔	1	0
1	100661	1	移动端_棒打狗头	1	0
1	100662	1	移动端_祭湘君	1	0
1	100663	1	移动端_酒中仙	1	0
1	100664	1	移动端_拨狗朝天_追加技1	1	0
1	100002	1	移动端_通用轻功	1	0
1	100005	1	移动端_聂云	1	0
1	100773	1	移动端_恶狗拦路	1	0
1	100774	1	移动端_时乘六龙	1	0
1	100819	1	移动端_蛟龙翻江	1	0
1	100820	1	移动端_蛟龙翻江_追加技1	1	0
1	100821	1	移动端_恶狗拦路_追加技1	1	0
1	100822	1	移动端_时乘六龙_追加技1	1	0
1	100680	1	移动端_亢龙有悔_追加技1	1	0
1	101937	1	移动端_通用轻功_踏云	1	0
1	101957	1	移动端_通用轻功_蹑云逐月_战斗内	1	0
1	102268	1	移动端_江湖无界阵	1	0
1	100651	1	移动端_笑尘诀_心法	1	0
2	100775	1	移动端_蜀犬吠日	1	0
2	100776	1	移动端_龙啸九天	1	0
3	100004	1	移动端_扶摇	1	0
4	100761	1	移动端_烟雨行	1	0
4	102754	1	移动端_城复于隍	1	0
10	100651	2	移动端_笑尘决	1	0
20	100651	3	移动端_笑尘决	1	0
30	100651	4	移动端_笑尘决	1	0
50	100651	5	移动端_笑尘决	1	0
