RequirePlayerLevel	SkillID	SkillLevel	Desc	IsEnableAutoLearning	CostTrain
1	100656	1	移动端_毒经_技能	1	0
1	100681	1	移动端_补天诀_技能	1	0
1	100657	1	移动端_蝎心	1	0
1	100669	1	移动端_蛇影	1	0
1	100670	1	移动端_百足	1	0
1	100671	1	移动端_蟾啸	1	0
1	100674	1	移动端_篾片蛊	1	0
1	100675	1	移动端_玄水蛊	1	0
1	100676	1	移动端_蛊虫狂暴	1	0
1	100677	1	移动端_蛊虫引	1	0
1	101888	1	移动端_蛊虫引_贰式	1	0
1	100684	1	移动端_冰蚕牵丝	1	0
1	100685	1	移动端_醉舞九天	1	0
1	100686	1	移动端_圣手织天	1	0
1	102337	1	移动端_圣手织天_贰式	1	0
1	100687	1	移动端_女娲补天	1	0
1	101921	1	移动端_女娲补天_贰式	1	0
1	100688	1	移动端_蛊惑众生	1	0
1	101927	1	移动端_蛊惑众生_贰式	1	0
1	101920	1	移动端_灵蛊_补天	1	0
1	100689	1	移动端_仙王蛊鼎	1	0
1	102561	1	移动端_仙王蛊鼎_贰式	1	0
1	100690	1	移动端_玄水蛊_补天	1	0
1	100691	1	移动端_碧蝶引	1	0
1	100692	1	移动端_碧蝶引_贰式	1	0
1	101222	1	移动端_迷仙引梦	1	0
1	102671	1	移动端_穿蝶化羽	1	0
1	102744	1	移动端_降厄	1	0
1	100002	1	移动端_通用轻功	1	0
1	100005	1	移动端_聂云	1	0
1	101937	1	移动端_通用轻功_踏云	1	0
1	101957	1	移动端_通用轻功_蹑云逐月_战斗内	1	0
1	102268	1	移动端_江湖无界阵	1	0
1	100682	1	移动端_补天诀_子技能	1	0
1	101978	1	移动端_涅槃重生	1	0
1	100654	1	移动端_毒经	1	0
1	100655	1	移动端_补天诀	1	0
2	100672	1	移动端_千丝	1	0
2	100673	1	移动端_灵蛊	1	0
3	100004	1	移动端_扶摇	1	0
4	100762	1	移动端_化蝶	1	0
10	100654	2	移动端_毒经	1	0
10	100655	2	移动端_补天诀	1	0
20	100654	3	移动端_毒经	1	0
20	100655	3	移动端_补天诀	1	0
30	100654	4	移动端_毒经	1	0
30	100655	4	移动端_补天诀	1	0
50	100654	5	移动端_毒经	1	0
50	100655	5	移动端_补天诀	1	0
