RequirePlayerLevel	SkillID	SkillLevel	Desc	IsEnableAutoLearning	CostTrain
1	101175	1	移动端_隐龙诀_技能	1	0
1	101323	1	移动端_隐龙诀_奇穴	1	0
1	101176	1	移动端_星垂平野	1	0
1	101985	1	移动端_星垂平野_贰式	1	0
1	101177	1	移动端_寂洪荒	1	0
1	101986	1	移动端_寂洪荒_贰式	1	0
1	101178	1	移动端_残云裂	1	0
1	101181	1	移动端_金戈回澜	1	0
1	101182	1	移动端_金戈回澜_追加技1	1	0
1	101184	1	移动端_骤雨寒江_追加技1	1	0
1	101180	1	移动端_孤风飒踏_追加技1	1	0
1	101185	1	移动端_铁马冰河	1	0
1	101186	1	移动端_铁马冰河_追加技1	1	0
1	101188	1	移动端_隐风雷	1	0
1	101987	1	移动端_隐风雷_贰式	1	0
1	101187	1	移动端_斩无常	1	0
1	101190	1	移动端_横云意	1	0
1	102732	1	移动端_无间狱	1	0
1	100002	1	移动端_通用轻功	1	0
1	100005	1	移动端_通用轻功_聂云	1	0
1	101937	1	移动端_通用轻功_踏云	1	0
1	102268	1	移动端_江湖无界阵	1	0
1	101173	1	移动端_隐龙诀_心法	1	0
2	101183	1	移动端_骤雨寒江	1	0
2	101179	1	移动端_孤风飒踏	1	0
3	100004	1	移动端_通用轻功_扶摇	1	0
4	101191	1	移动端_崔嵬鬼步	1	0
10	101173	2	移动端_隐龙诀_心法	1	0
20	101173	3	移动端_隐龙诀_心法	1	0
30	101173	4	移动端_隐龙诀_心法	1	0
50	101173	5	移动端_隐龙诀_心法	1	0
