RequirePlayerLevel	SkillID	SkillLevel	Desc	IsEnableAutoLearning	CostTrain
1	101376	1	移动端_孤锋诀_技能	1	1
1	102136	1	移动端_行云势	1	1
1	102137	1	移动端_行云势2段	1	1
1	102138	1	移动端_行云势3段	1	1
1	102142	1	移动端_沧浪势	1	1
1	102143	1	移动端_沧浪势2段	1	1
1	102144	1	移动端_沧浪势3段	1	1
1	101384	1	移动端_决云势	1	1
1	102225	1	移动端_决云势秘籍2段	1	1
1	101385	1	移动端_横云势	1	1
1	102220	1	移动端_断云势	1	1
1	101387	1	移动端_洗兵雨	1	1
1	101389	1	移动端_灭影追风	1	1
1	101390	1	移动端_游风飘踪	1	1
1	101391	1	移动端_凝云势1段	1	1
1	101392	1	移动端_凝云势2段	1	1
1	101393	1	移动端_停云势	1	1
1	101519	1	移动端_驰风八步2段	1	1
1	102740	1	移动端真断云势	1	1
1	100002	1	移动端_通用轻功	1	1
1	100005	1	移动端_蹑云逐月	1	1
1	101937	1	移动端_踏云	1	1
1	102268	1	移动端_江湖无界阵	1	0
1	101375	1	移动端_孤锋诀	1	1
2	101386	1	移动端_触石雨	1	1
2	101388	1	移动端_留客雨	1	1
3	100004	1	移动端_扶摇	1	1
4	101394	1	移动端_驰风八步	1	1
10	101375	2	移动端_孤锋诀	1	0
20	101375	3	移动端_孤锋诀	1	0
30	101375	4	移动端_孤锋诀	1	0
50	101375	5	移动端_孤锋诀	1	0
