RequirePlayerLevel	SkillID	SkillLevel	Desc	IsEnableAutoLearning	CostTrain
1	101356	1	移动端_无方_技能	1	0
1	101357	1	移动端_钩吻断肠	1	0
1	101358	1	移动端_钩吻断肠_追加技1	1	0
1	101359	1	移动端_飞叶满襟	1	0
1	101360	1	移动端_飞叶满襟_追加技1	1	0
1	101361	1	移动端_川乌射罔	1	0
1	101362	1	移动端_沾衣未妨	1	0
1	101364	1	移动端_回风微澜	1	0
1	101365	1	移动端_紫叶沉疴	1	0
1	101366	1	移动端_绿野蔓生	1	0
1	101368	1	移动端_并蒂夺株	1	0
1	101401	1	移动端_灵素_技能	1	0
1	101402	1	移动端_白芷含芳	1	0
1	101403	1	移动端_白芷含芳_追加技1	1	0
1	101404	1	移动端_银光照雪	1	0
1	101405	1	移动端_当归四逆	1	0
1	101406	1	移动端_龙葵自苦	1	0
1	102344	1	移动端_龙葵自苦_秘章	1	0
1	101407	1	移动端_七情和合	1	0
1	101408	1	移动端_回风微澜	1	0
1	101409	1	移动端_旋生飞草	1	0
1	101410	1	移动端_绿野蔓生	1	0
1	101411	1	移动端_枯木苏息	1	0
1	101412	1	移动端_千枝绽蕊	1	0
1	100002	1	移动端_通用轻功	1	0
1	100005	1	移动端_聂云	1	0
1	101937	1	移动端_通用轻功_踏云	1	0
1	102268	1	移动端_江湖无界阵	1	0
1	102199	1	移动端_灵素还生	1	0
1	102391	1	移动端_枯木苏息·贰式	1	0
1	101355	1	移动端_无方_心法	1	0
1	101374	1	移动端_灵素_心法	1	0
1	102746	1	移动端_含锋破月	1	0
1	102749	1	移动端_莳蔓盈香	1	0
2	101363	1	移动端_且待时休	1	0
2	101367	1	移动端_青圃着尘	1	0
3	100004	1	移动端_扶摇	1	0
4	101369	1	移动端_凌然天风	1	0
10	101355	2	移动端_无方_心法	1	0
10	101374	2	移动端_灵素_心法	1	0
20	101355	3	移动端_无方_心法	1	0
20	101374	3	移动端_灵素_心法	1	0
30	101355	4	移动端_无方_心法	1	0
30	101374	4	移动端_灵素_心法	1	0
50	101355	5	移动端_无方_心法	1	0
50	101374	5	移动端_灵素_心法	1	0
