RequirePlayerLevel	SkillID	SkillLevel	Desc	IsEnableAutoLearning	CostTrain
1	101717	1	移动端_惊羽诀_技能	1	0
1	101721	1	移动端_惊羽_夺魄箭	1	0
1	101722	1	移动端_惊羽_罡风镖	1	0
1	101735	1	移动端_惊羽_罡风镖2段	1	0
1	101736	1	移动端_惊羽_罡风镖3段	1	0
1	101723	1	移动端_惊羽_追命箭	1	0
1	101725	1	移动端_惊羽_穿心弩	1	0
1	101728	1	移动端_惊羽_雷震子	1	0
1	101730	1	移动端_惊羽_浮光飞影	1	0
1	101729	1	移动端_惊羽_飞星绝影	1	0
1	101797	1	移动端_惊羽_飞星绝影2段	1	0
1	101731	1	移动端_惊羽_惊鸿游龙	1	0
1	101814	1	移动端_惊羽诀_强化罡风镖	1	0
1	101815	1	移动端_惊羽诀_强化罡风镖2段	1	0
1	101816	1	移动端_惊羽诀_强化罡风镖3段	1	0
1	101874	1	移动端_天罗_技能	1	0
1	101875	1	移动端_天罗_蚀肌弹	1	0
1	101876	1	移动端_天罗_天女散花	1	0
1	101877	1	移动端_天罗_千机连弩	1	0
1	101878	1	移动端_天罗_千机重弩	1	0
1	101879	1	移动端_天罗_千机毒刹	1	0
1	101880	1	移动端_天罗_千机连环	1	0
1	101881	1	移动端_天罗_天绝地灭	1	0
1	101882	1	移动端_天罗_飞星匿影	1	0
1	101903	1	移动端_天罗_飞星匿影_贰式	1	0
1	101883	1	移动端_天罗_暗藏杀机	1	0
1	101916	1	移动端_天罗_暗藏杀机_贰式	1	0
1	101884	1	移动端_天罗_浮光逐影	1	0
1	100002	1	移动端_通用轻功	1	0
1	100005	1	移动端_通用轻功_聂云	1	0
1	101937	1	移动端_通用轻功_踏云	1	0
1	101957	1	移动端_通用轻功_蹑云逐月_战斗内	1	0
1	102268	1	移动端_江湖无界阵	1	0
1	101734	1	移动端_天罗诡道_心法	1	0
1	101716	1	移动端_惊羽诀_心法	1	0
1	102739	1	移动端_天罗_荆天棘地	1	0
2	101724	1	移动端_惊羽_逐星箭	1	0
2	101727	1	移动端_惊羽_暴雨索魂针	1	0
3	100004	1	移动端_通用轻功_扶摇	1	0
4	101799	1	移动端_惊羽诀_鸟翔碧空	1	0
4	102689	1	移动端_惊羽诀_万翎逐鸿	1	0
10	101734	2	移动端_天罗诡道_心法	1	0
10	101716	2	移动端_惊羽诀_心法	1	0
20	101734	3	移动端_天罗诡道_心法	1	0
20	101716	3	移动端_惊羽诀_心法	1	0
30	101734	4	移动端_天罗诡道_心法	1	0
30	101716	4	移动端_惊羽诀_心法	1	0
50	101734	5	移动端_天罗诡道_心法	1	0
50	101716	5	移动端_惊羽诀_心法	1	0
