RequirePlayerLevel	SkillID	SkillLevel	Desc	IsEnableAutoLearning	CostTrain
1	100026	1	移动端_傲血战意_技能	1	0
1	100024	1	移动端_傲血_穿云	1	0
1	101950	1	移动端_傲血_穿云2段	2	1
1	100025	1	移动端_傲血_雷行	3	2
1	101951	1	移动端_傲血_雷行2段	4	3
1	100027	1	移动端_傲血_龙吟	1	0
1	100029	1	移动端_傲血_龙牙	1	0
1	100030	1	移动端_傲血_任驰骋	1	0
1	100031	1	移动端_傲血_霹雳	1	0
1	100033	1	移动端_傲血_破坚阵	1	0
1	100034	1	移动端_傲血_战八方	1	0
1	100566	1	移动端_傲血_任驰骋_下马	1	0
1	100420	1	移动端_铁牢律_技能	1	0
1	100421	1	移动端_铁牢_穿云	1	0
1	101952	1	移动端_铁牢_穿云2段	1	0
1	100422	1	移动端_铁牢_八阵	1	0
1	101953	1	移动端_铁牢_八阵2段	1	0
1	100423	1	移动端_铁牢_定军	1	0
1	100424	1	移动端_铁牢_龙吟	1	0
1	100425	1	移动端_铁牢_突	1	0
1	100426	1	移动端_铁牢_御	1	0
1	100427	1	移动端_铁牢_沧月	1	0
1	100428	1	移动端_铁牢_疾如风	1	0
1	100442	1	移动端_铁牢_龙牙	1	0
1	100429	1	移动端_铁牢_战八方	1	0
1	102319	1	移动端_铁牢_无往不利	1	0
1	100002	1	移动端_通用轻功	1	0
1	101937	1	移动端_通用轻功_踏云	1	0
1	100005	1	移动端_通用轻功_聂云	1	0
1	101957	1	移动端_战斗中蹑云	1	0
1	102268	1	移动端_江湖无界阵	1	0
1	100406	1	移动端_傲血战意_心法	1	0
1	100407	1	移动端_铁牢律_心法	1	0
1	102700	1	移动端_傲血_绕龙城	1	0
1	102757	1	移动端_铁牢_守如山	1	0
2	100028	1	移动端_傲血_突	1	0
2	100032	1	移动端_傲血_沧月	1	0
3	100004	1	移动端_通用轻功_扶摇	1	0
4	101551	1	移动端_双心法通用_疾	1	0
10	100406	2	移动端_傲血战意_心法	1	0
10	100407	2	移动端_铁牢律_心法	1	0
20	100406	3	移动端_傲血战意_心法	1	0
20	100407	3	移动端_铁牢律_心法	1	0
30	100406	4	移动端_傲血战意_心法	1	0
30	100407	4	移动端_铁牢律_心法	1	0
50	100406	5	移动端_傲血战意_心法	1	0
50	100407	5	移动端_铁牢律_心法	1	0
