RequirePlayerLevel	SkillID	SkillLevel	Desc	IsEnableAutoLearning	CostTrain
1	101744	1	移动端_易筋经_技能	1	0
1	101752	1	移动端_普渡四方	1	0
1	101793	1	移动端_普渡四方_二式	1	0
1	101753	1	移动端_守缺式	1	0
1	101974	1	移动端_守缺式_二式	1	0
1	101754	1	移动端_韦陀献杵	1	0
1	101825	1	移动端_拿云式	1	0
1	101757	1	移动端_捕风式	1	0
1	101838	1	移动端_捕风式加强	1	0
1	101758	1	移动端_抢珠式	1	0
1	101759	1	移动端_大狮子吼	1	0
1	101794	1	移动端_大狮子吼_二式	1	0
1	101760	1	移动端_擒龙诀	1	0
1	101795	1	移动端_擒龙诀_二式	1	0
1	101761	1	移动端_锻骨诀	1	0
1	102675	1	移动端_心诤	1	0
1	101748	1	移动端_洗髓经_技能	1	0
1	101765	1	移动端_普渡四方	1	0
1	101818	1	移动端_普渡四方_二式	1	0
1	101766	1	移动端_立地成佛	1	0
1	101767	1	移动端_韦陀献杵	1	0
1	101768	1	移动端_归去来棍	1	0
1	101769	1	移动端_横扫六合	1	0
1	101770	1	移动端_抢珠式	1	0
1	101771	1	移动端_大狮子吼	1	0
1	101772	1	移动端_擒龙诀	1	0
1	101845	1	移动端_擒龙诀_二式	1	0
1	101773	1	移动端_锻骨诀	1	0
1	101774	1	移动端_无相诀	1	0
1	102680	1	移动端_心诤	1	0
1	100002	1	移动端_通用轻功	1	0
1	100005	1	移动端_通用轻功_聂云	1	0
1	101937	1	移动端_通用轻功_踏云	1	0
1	101957	1	移动端_通用轻功_蹑云逐月_战斗内	1	0
1	102268	1	移动端_江湖无界阵	1	0
1	100053	1	移动端_易筋经_心法	1	0
1	100069	1	移动端_洗髓经_心法	1	0
2	101755	1	移动端_拿云式	1	0
2	101756	1	移动端_横扫六合	1	0
3	100004	1	移动端_通用轻功_扶摇	1	0
4	101764	1	移动端_千斤坠	1	0
10	100053	2	移动端_易筋经_心法	1	0
10	100069	2	移动端_洗髓经_心法	1	0
20	100053	3	移动端_易筋经_心法	1	0
20	100069	3	移动端_洗髓经_心法	1	0
30	100053	4	移动端_易筋经_心法	1	0
30	100069	4	移动端_洗髓经_心法	1	0
50	100053	5	移动端_易筋经_心法	1	0
50	100069	5	移动端_洗髓经_心法	1	0
