RequirePlayerLevel	SkillID	SkillLevel	Desc	IsEnableAutoLearning	CostTrain
1	100002	1	移动端_通用	1	0
1	100005	1	移动端_蹑云逐月	1	0
1	101937	1	移动端_通用轻功_踏云	1	0
1	102395	1	移动端_无相楼_心法	1	0
1	102268	1	移动端_江湖无界阵	1	0
1	102398	1	移动端_无相楼_替形幻生	1	0
1	102403	1	移动端_无相楼_连环慢	1	0
1	102411	1	移动端_无相楼_驻云飞	1	0
1	102414	1	移动端_无相楼_缚影	1	0
1	102417	1	移动端_无相楼_千丝落絮	1	0
1	102418	1	移动端_无相楼_千丝落絮	1	0
1	102400	1	移动端_无相楼_四边静	1	0
1	102404	1	移动端_无相楼_生地狱	1	0
1	102402	1	移动端_无相楼_勾线	1	0
1	102419	1	移动端_无相楼_游丝枕月	1	0
1	102420	1	移动端_无相楼_游丝枕月二段	1	0
1	102737	1	移动端_无相楼_寄线	1	0
1	102748	1	移动端_无相楼_寄线二段	1	0
1	102440	1	移动端_锁南枝二段	1	0
1	102393	1	移动端_无相楼_心法	1	0
2	102412	1	移动端_无相楼_夹线	1	0
2	102401	1	移动端_无相楼_挑丝	1	0
3	100004	1	通用轻功扶摇	1	0
10	102393	2	移动端_无相楼_心法	1	0
20	102393	3	移动端_无相楼_心法	1	0
30	102393	4	移动端_无相楼_心法	1	0
50	102393	5	移动端_无相楼_心法	1	0
