RequirePlayerLevel	SkillID	SkillLevel	Desc	IsEnableAutoLearning	CostTrain
1	100619	1	移动端_焚影_技能	1	0
1	100620	1	移动端_焚影_赤日轮	1	0
1	100623	1	移动端_焚影_赤日轮2段	1	0
1	100624	1	移动端_焚影_赤日轮3段	1	0
1	100632	1	移动端_焚影_幽月轮	1	0
1	100634	1	移动端_焚影_幽月轮2段	1	0
1	100635	1	移动端_焚影_幽月轮3段	1	0
1	100644	1	移动端_焚影_烈日斩	1	0
1	100645	1	移动端_焚影_银月斩	1	0
1	100648	1	移动端_焚影_净世破魔击	1	0
1	100698	1	移动端_焚影_驱夜断愁	1	0
1	100718	1	移动端_焚影_煌日照	1	0
1	100719	1	移动端_焚影_寒月耀	1	0
1	100720	1	移动端_焚影_伏明众生	1	0
1	100721	1	移动端_焚影_冥月渡心	1	0
1	101863	1	移动端_焚影_日月晦2段	1	0
1	101864	1	移动端_焚影_日月晦3段	1	0
1	102456	1	移动端_焚影_圣焰令2段	1	0
1	102704	1	移动端_焚影_光明相	1	0
1	100627	1	移动端_明尊琉璃体_技能	1	0
1	100864	1	移动端_明尊琉璃体_赤日轮	1	0
1	100897	1	移动端_明尊琉璃体_赤日轮2段	1	0
1	100898	1	移动端_明尊琉璃体_赤日轮3段	1	0
1	100865	1	移动端_明尊琉璃体_幽月轮	1	0
1	100900	1	移动端_明尊琉璃体_幽月轮2段	1	0
1	100901	1	移动端_明尊琉璃体_幽月轮3段	1	0
1	100866	1	移动端_明尊琉璃体_净世破魔击	1	0
1	100867	1	移动端_明尊琉璃体_烈日斩	1	0
1	100868	1	移动端_明尊琉璃体_银月斩	1	0
1	100869	1	移动端_明尊琉璃体_戒火斩	1	0
1	100870	1	移动端_明尊琉璃体_慈悲愿	1	0
1	100871	1	移动端_明尊琉璃体_极乐引	1	0
1	101892	1	移动端_明尊琉璃体_煌日照	1	0
1	101893	1	移动端_明尊琉璃体_寒月耀	1	0
1	101894	1	移动端_明尊琉璃体_渡厄力	1	0
1	100872	1	移动端_明尊琉璃体_光明相	1	0
1	100002	1	移动端_通用轻功	1	0
1	100005	1	移动端_蹑云逐月	1	0
1	101937	1	移动端_踏云	1	0
1	101957	1	移动端_战斗中蹑云	1	0
1	102268	1	移动端_江湖无界阵	1	0
1	100618	1	移动端_焚影圣诀_心法	1	0
1	100631	1	移动端_明尊琉璃体_心法	1	0
2	100647	1	移动端_焚影_流光囚影	1	0
2	100697	1	移动端_焚影_暗尘弥散	1	0
3	100004	1	移动端_扶摇	1	0
4	100962	1	移动端_焚影_幻光步	1	0
10	100618	2	移动端_焚影圣诀_心法	1	0
10	100631	2	移动端_明尊琉璃体_心法	1	0
20	100618	3	移动端_焚影圣诀_心法	1	0
20	100631	3	移动端_明尊琉璃体_心法	1	0
30	100618	4	移动端_焚影圣诀_心法	1	0
30	100631	4	移动端_明尊琉璃体_心法	1	0
50	100618	5	移动端_焚影圣诀_心法	1	0
50	100631	5	移动端_明尊琉璃体_心法	1	0
