RequirePlayerLevel	SkillID	SkillLevel	Desc	IsEnableAutoLearning	CostTrain
1	100002	1	移动端_通用	1	0
1	100005	1	移动端_蹑云逐月	1	0
1	101937	1	移动端_通用轻功_踏云	1	0
1	102279	1	移动端_段氏_心法	1	0
1	102268	1	移动端_江湖无界阵	1	0
1	102280	1	移动端_段氏_技能	1	0
1	102281	1	移动端_段氏_技能	1	0
1	102282	1	移动端_段氏_技能	1	0
1	102284	1	移动端_段氏_技能	1	0
1	102285	1	移动端_段氏_技能	1	0
1	102287	1	移动端_段氏_技能	1	0
1	102288	1	移动端_段氏_技能	1	0
1	102289	1	移动端_段氏_技能	1	0
1	102302	1	移动端_段氏_技能	1	0
1	102307	1	移动端_段氏_技能	1	0
1	102714	1	移动端_段氏_技能	1	0
1	102715	1	移动端_段氏_技能	1	0
1	102716	1	移动端_段氏_技能	1	0
1	102717	1	移动端_段氏_技能	1	0
1	102278	1	移动端_段氏_心法	1	0
2	102283	1	移动端_段氏_技能	1	0
2	102286	1	移动端_段氏_技能	1	0
3	100004	1	通用轻功扶摇	1	0
4	102299	1	移动端_段氏_门派轻功	1	0
10	102278	2	移动端_段氏_心法	1	0
20	102278	3	移动端_段氏_心法	1	0
30	102278	4	移动端_段氏_心法	1	0
50	102278	5	移动端_段氏_心法	1	0
