RequirePlayerLevel	SkillID	SkillLevel	Desc	IsEnableAutoLearning	CostTrain
1	100009	1	移动端_太虚剑意_技能	1	0
1	100446	1	移动端_太虚剑意_奇穴	1	0
1	100003	1	移动端_三环套月	1	0
1	100008	1	移动端_三环套月_贰式	1	0
1	100010	1	移动端_无我无剑	1	0
1	100011	1	移动端_无我无剑_贰式	1	0
1	100020	1	移动端_八荒归元	1	0
1	100014	1	移动端_八荒归元_贰式	1	0
1	100019	1	移动端_万剑归宗	1	0
1	100012	1	移动端_吞日月	1	0
1	100021	1	移动端_吞日月_贰式	1	0
1	100013	1	移动端_人剑合一	1	0
1	100022	1	移动端_坐忘无我	1	0
1	100017	1	移动端_碎星辰	1	0
1	100016	1	移动端_惊天道	1	0
1	100018	1	移动端_紫气东来	1	0
1	100078	1	移动端_紫霞功_技能	1	0
1	100555	1	移动端_紫霞功_奇穴	1	0
1	100076	1	移动端_太极无极	1	0
1	101566	1	移动端_太极无极_贰式	1	0
1	100077	1	移动端_四象轮回	1	0
1	100079	1	移动端_两仪化形	1	0
1	101567	1	移动端_两仪化形_贰式	1	0
1	101568	1	移动端_生太极	1	0
1	101569	1	移动端_坐忘通玄	1	0
1	101598	1	移动端_坐忘通玄_贰式	1	0
1	101570	1	移动端_破苍穹	1	0
1	101571	1	移动端_七星拱瑞	1	0
1	101572	1	移动端_七星拱瑞_贰式	1	0
1	101573	1	移动端_紫气逢真	1	0
1	100002	1	移动端_通用轻功	1	0
1	100005	1	移动端_通用轻功_聂云	1	0
1	101937	1	移动端_通用轻功_踏云	1	0
1	101957	1	移动端_通用轻功_蹑云逐月_战斗内	1	0
1	102268	1	移动端_江湖无界阵	1	0
1	100389	1	移动端_太虚剑意_心法	1	0
1	100398	1	移动端_紫霞功_心法	1	0
2	100081	1	移动端_六合独尊	1	0
2	100087	1	移动端_五方行尽	1	0
3	100004	1	移动端_通用轻功_扶摇	1	0
4	100617	1	移动端_梯云纵	1	0
4	102712	1	移动端_剑道万象	1	0
4	102733	1	移动端_九转归一	1	0
4	102755	1	移动端_天地无极	1	0
10	100389	2	移动端_太虚剑意_心法	1	0
10	100398	2	移动端_紫霞功_心法	1	0
20	100389	3	移动端_太虚剑意_心法	1	0
20	100398	3	移动端_紫霞功_心法	1	0
30	100389	4	移动端_太虚剑意_心法	1	0
30	100398	4	移动端_紫霞功_心法	1	0
50	100389	5	移动端_太虚剑意_心法	1	0
50	100398	5	移动端_紫霞功_心法	1	0
