RequirePlayerLevel	SkillID	SkillLevel	Desc	IsEnableAutoLearning	CostTrain
1	101026	1	移动端_苍云_技能	1	0
1	101027	1	移动端_苍云_子技能	1	0
1	101029	1	移动端_盾刀	1	0
1	101030	1	移动端_盾击	1	0
1	101031	1	移动端_盾猛	1	0
1	101069	1	移动端_盾猛_盾墙	1	0
1	101032	1	移动端_盾压	1	0
1	101033	1	移动端_盾墙	1	0
1	101034	1	移动端_盾舞	1	0
1	101036	1	移动端_盾壁	1	0
1	101038	1	移动端_劫刀	1	0
1	101039	1	移动端_隐刀	1	0
1	101040	1	移动端_斩刀	1	0
1	101042	1	移动端_闪刀	1	0
1	101065	1	移动端_盾刀_二段	1	0
1	101066	1	移动端_盾刀_三段	1	0
1	101085	1	移动端_收盾	1	0
1	101070	1	移动端_盾击_二段	1	0
1	101071	1	移动端_盾击_三段	1	0
1	101194	1	移动端_血刀	1	0
1	101224	1	移动端_盾回	1	0
1	101339	1	移动端_盾挡	1	0
1	101709	1	移动端_盾回_盾立	1	0
1	100002	1	移动端_通用轻功	1	0
1	100005	1	移动端_蹑云逐月	1	0
1	101937	1	移动端_通用轻功_踏云	1	0
1	102268	1	移动端_江湖无界阵	1	0
1	101957	1	移动端_蹑云逐月_战斗内	1	0
1	102039	1	移动端_盾飞	1	0
1	102367	1	移动端_分山劲_阵云结晦_贰式	1	0
1	102368	1	移动端_分山劲_阵云结晦_叁式	1	0
1	102061	1	移动端_铁骨衣_盾刀	1	0
1	102062	1	移动端_铁骨衣_盾击	1	0
1	102063	1	移动端_铁骨衣_盾猛	1	0
1	102064	1	移动端_铁骨衣_盾压	1	0
1	102067	1	移动端_铁骨衣_盾墙	1	0
1	102068	1	移动端_铁骨衣_盾舞	1	0
1	102069	1	移动端_铁骨衣_盾壁	1	0
1	102070	1	移动端_铁骨衣_斩刀	1	0
1	102071	1	移动端_铁骨衣_绝刀	1	0
1	102073	1	移动端_铁骨衣_盾刀_贰式	1	0
1	102074	1	移动端_铁骨衣_盾刀_叁式	1	0
1	102075	1	移动端_铁骨衣_盾击_贰式	1	0
1	102076	1	移动端_铁骨衣_盾击_叁式	1	0
1	102072	1	移动端_铁骨衣_断马摧城	1	0
1	101197	1	移动端_铁骨衣_无惧	1	0
1	101207	1	移动端_阵云结晦_贰式	1	0
1	102763	1	移动端_偃守孤旌	1	0
1	101209	1	移动端_阵云结晦_贰式	1	0
1	102765	1	移动端_业火麟光	1	0
1	101024	1	移动端_分山劲	1	0
1	101025	1	移动端_铁骨衣	1	0
2	101041	1	移动端_绝刀	1	0
2	101202	1	移动端_断马摧城	1	0
3	100004	1	移动端_扶摇	1	0
4	101317	1	移动端_撼地	1	0
10	101024	2	移动端_分山劲	1	0
10	101025	2	移动端_铁骨衣	1	0
20	101024	3	移动端_分山劲	1	0
20	101025	3	移动端_铁骨衣	1	0
30	101024	4	移动端_分山劲	1	0
30	101025	4	移动端_铁骨衣	1	0
50	101024	5	移动端_分山劲	1	0
50	101025	5	移动端_铁骨衣	1	0
