RequirePlayerLevel	SkillID	SkillLevel	Desc	IsEnableAutoLearning	CostTrain
1	100002	1	移动端_通用轻功	1	0
1	100005	1	移动端_通用轻功_聂云	1	0
1	101937	1	移动端_通用轻功_踏云	1	0
1	101957	1	移动端_蹑云逐月_战斗内	1	0
1	102090	1	移动端_凌海诀_技能	1	0
1	102110	1	移动端_凌海诀_子技能	1	0
1	102091	1	移动端_击水三千_一式	1	0
1	102092	1	移动端_击水三千_贰式	1	0
1	102093	1	移动端_击水三千_叁式	1	0
1	102094	1	移动端_木落雁归_一式	1	0
1	102095	1	移动端_木落雁归_贰式	1	0
1	102096	1	移动端_浮游天地	1	0
1	102097	1	移动端_浮游天地_贰式	1	0
1	102098	1	移动端_跃潮斩波	1	0
1	102099	1	移动端_定波抵澜	1	0
1	102100	1	移动端_鸿渐于飞	1	0
1	102101	1	移动端_鸿渐于飞_贰式	1	0
1	102102	1	移动端_鸿渐于飞_叁式	1	0
1	102103	1	移动端_溟海御波	1	0
1	102106	1	移动端_驭羽骋风	1	0
1	102113	1	移动端_定波抵澜_贰式	1	0
1	102152	1	移动端_物化天行	1	0
1	102153	1	移动端_物化天行_贰式	1	0
1	102268	1	移动端_江湖无界阵	1	0
1	102228	1	移动端_溟海御波_贰式	1	0
1	101090	1	移动端_凌海诀	1	0
1	102695	1	移动端_翔极碧落	1	0
2	102104	1	移动端_逐波灵游	1	0
2	102105	1	移动端_振翅图南	1	0
3	100004	1	移动端_通用轻功_扶摇	1	0
4	102108	1	移动端_逸尘步虚	1	0
10	101090	2	移动端_凌海诀	1	0
20	101090	3	移动端_凌海诀	1	0
30	101090	4	移动端_凌海诀	1	0
50	101090	5	移动端_凌海诀	1	0
