RequirePlayerLevel	SkillID	SkillLevel	Desc	IsEnableAutoLearning	CostTrain
1	100724	1	移动端_藏剑_技能	1	0
1	100728	1	移动端_听雷	1	0
1	100732	1	移动端_平湖断月	1	0
1	100733	1	移动端_黄龙吐翠	1	0
1	100734	1	移动端_梦泉虎跑	1	0
1	100736	1	移动端_夕照雷峰	1	0
1	100737	1	移动端_云飞玉皇	1	0
1	100739	1	移动端_峰插云景	1	0
1	100740	1	移动端_鹤归孤山	1	0
1	100910	1	移动端_醉月	1	0
1	100729	1	移动端_藏剑_子技能	1	0
1	100770	1	移动端_云飞玉皇_瞬发	1	0
1	100796	1	移动端_听雷贰式	1	0
1	100905	1	移动端_莺鸣柳	1	0
1	100002	1	通用轻功	1	0
1	100005	1	蹑云逐月	1	0
1	101798	1	移动端_惊涛	1	0
1	101823	1	移动端_霞流宝石	1	0
1	101937	1	移动端_通用轻功_踏云	1	0
1	101957	1	移动端_蹑云逐月_战斗内	1	0
1	102268	1	移动端_江湖无界阵	1	0
1	100725	1	移动端_问水诀_心法	1	0
2	100844	1	移动端_松舍问霞	1	0
2	100906	1	移动端_九溪弥烟	1	0
3	100004	1	通用轻功扶摇	1	0
4	100735	1	移动端_玉泉鱼跃	1	0
10	100725	2	移动端_问水诀_心法	1	0
20	100725	3	移动端_问水诀_心法	1	0
30	100725	4	移动端_问水诀_心法	1	0
50	100725	5	移动端_问水诀_心法	1	0
