RequirePlayerLevel	SkillID	SkillLevel	Desc	IsEnableAutoLearning	CostTrain
1	100002	1	移动端_通用	1	0
1	100005	1	移动端_蹑云逐月	1	0
1	101451	1	移动端_衍天宗_技能	1	0
1	101452	1	移动端_三星临	1	0
1	101453	1	移动端_天斗璇	1	0
1	101457	1	移动端_奇门飞宫	1	0
1	102243	1	移动端_奇门飞宫_贰式	1	0
1	102709	1	移动端_御前星	1	0
1	101458	1	移动端_兵主逆	1	0
1	101459	1	移动端_返闭惊魂	1	0
1	101460	1	移动端_天人合一	1	0
1	101462	1	移动端_斗转星移	1	0
1	101463	1	移动端_鸿蒙天禁	1	0
1	101465	1	移动端_衍天宗_子技能	1	0
1	101485	1	移动端_变卦	1	0
1	101486	1	移动端_解卦_水	1	0
1	101487	1	移动端_解卦_土	1	0
1	101488	1	移动端_解卦_火	1	0
1	102214	1	移动端_踏星行_贰式	1	0
1	102257	1	移动端_踏星行_空中悬停	1	0
1	101937	1	移动端_通用轻功_踏云	1	0
1	101957	1	移动端_蹑云逐月_战斗内	1	0
1	102177	1	移动端_天人合一_取消	1	0
1	102178	1	移动端_三星临_天人合一	1	0
1	102179	1	移动端_天斗璇_天人合一	1	0
1	102180	1	移动端_兵主逆_天人合一	1	0
1	102268	1	移动端_江湖无界阵	1	0
1	101450	1	移动端_太玄经	1	0
2	101456	1	移动端_起卦	1	0
2	101461	1	移动端_杀星在尾	1	0
3	100004	1	通用轻功扶摇	1	0
4	101496	1	移动端_踏星行	1	0
10	101450	2	移动端_太玄经	1	0
20	101450	3	移动端_太玄经	1	0
30	101450	4	移动端_太玄经	1	0
50	101450	5	移动端_太玄经	1	0
