RequirePlayerLevel	SkillID	SkillLevel	Desc	IsEnableAutoLearning	CostTrain
1	101126	1	移动端_莫问_技能	1	0
1	101132	1	移动端_宫	1	0
1	101133	1	移动端_徵	1	0
1	101134	1	移动端_商	1	0
1	101135	1	移动端_羽	1	0
1	101136	1	移动端_云生结海	1	0
1	101137	1	移动端_江逐月天	1	0
1	101332	1	移动端_江逐月天_贰式	1	0
1	101333	1	移动端_清绝影歌_贰式	1	0
1	101139	1	移动端_孤影化双	1	0
1	101330	1	移动端_孤影化双_贰式	1	0
1	101331	1	移动端_疏影横斜_贰式	1	0
1	101141	1	移动端_不愧君	1	0
1	102686	1	移动端_断水流	1	0
1	102688	1	移动端_剑·宫	1	0
1	102693	1	移动端_剑·宫	1	0
1	101129	1	移动端_相知_技能	1	0
1	101142	1	移动端_宫_治疗	1	0
1	101143	1	移动端_徵_治疗	1	0
1	101144	1	移动端_角_治疗	1	0
1	101145	1	移动端_羽_治疗	1	0
1	102048	1	移动端_云生结海	1	0
1	102049	1	移动端_江逐月天	1	0
1	102050	1	移动端_江逐月天_贰式	1	0
1	101146	1	移动端_敛意	1	0
1	102051	1	移动端_敛意_贰式	1	0
1	101147	1	移动端_孤影化双_治疗	1	0
1	102052	1	移动端_孤影化双_贰式	1	0
1	101148	1	移动端_疏影横斜_治疗	1	0
1	102053	1	移动端_疏影横斜_贰式	1	0
1	101149	1	移动端_一指回鸾	1	0
1	102681	1	移动端_阳关三叠	1	0
1	100002	1	移动端_通用轻功	1	0
1	100005	1	移动端_通用轻功_聂云	1	0
1	101937	1	移动端_通用轻功_踏云	1	0
1	101957	1	移动端_通用轻功_蹑云逐月_战斗内	1	0
1	102268	1	移动端_江湖无界阵	1	0
1	101130	1	移动端_相知_子技能	1	0
1	102198	1	移动端_歌尽影生	1	0
1	102334	1	移动端_杯水留影	1	0
1	101124	1	移动端_莫问_心法	1	0
1	101125	1	移动端_相知_心法	1	0
2	101138	1	移动端_清绝影歌	1	0
2	101140	1	移动端_疏影横斜	1	0
3	100004	1	移动端_通用轻功_扶摇	1	0
4	101163	1	移动端_青宵飞羽	1	0
10	101124	2	移动端_莫问_心法	1	0
10	101125	2	移动端_相知_心法	1	0
20	101124	3	移动端_莫问_心法	1	0
20	101125	3	移动端_相知_心法	1	0
30	101124	4	移动端_莫问_心法	1	0
30	101125	4	移动端_相知_心法	1	0
50	101124	5	移动端_莫问_心法	1	0
50	101125	5	移动端_相知_心法	1	0
