RequirePlayerLevel	SkillID	SkillLevel	Desc	IsEnableAutoLearning	CostTrain
1	100994	1	移动端_北傲决	1	0
1	100995	1	移动端_北傲决_技能	1	0
1	100999	1	移动端_项王击鼎	1	0
1	101000	1	移动端_项王击鼎2段	1	0
1	101001	1	移动端_项王击鼎3段	1	0
1	101002	1	移动端_刀啸风吟	1	0
1	101003	1	移动端_破釜沉舟	1	0
1	101005	1	移动端_醉斩白蛇	1	0
1	102555	1	移动端_雷走风切	1	0
1	101008	1	移动端_擒龙六斩	1	0
1	102021	1	移动端_擒龙六斩2段	1	0
1	102022	1	移动端_擒龙六斩3段	1	0
1	101009	1	移动端_坚壁清野	1	0
1	101010	1	移动端_楚河汉界	1	0
1	101011	1	移动端_封渊震煞	1	0
1	100002	1	移动端_通用轻功	1	0
1	100005	1	移动端_蹑云逐月	1	0
1	101937	1	移动端_踏云	1	0
1	102268	1	移动端_江湖无界阵	1	0
1	102691	1	移动端_西楚悲歌	1	0
2	101004	1	移动端_闹须弥	1	0
2	101007	1	移动端_割据秦宫	1	0
3	100004	1	移动端_扶摇直上	1	0
4	101014	1	移动端_散流霞	1	0
10	100994	2	移动端_北傲决	1	0
20	100994	3	移动端_北傲决	1	0
30	100994	4	移动端_北傲决	1	0
50	100994	5	移动端_北傲决	1	0
